int 10 postorder 7 63 46 88 94 81 42 89 43 90
int 12 inorder 71 81 50 7 69 78 95 1 42 45 76 95
int 12 inorder 3 75 54 48 28 26 67 91 73 32 6 7
int 14 preorder 21 89 75 89 20 73 85 79 93 24 58 66 40 34
int 15 postorder 52 87 7 42 6 92 64 68 4 77 26 81 71 7 1
int 15 inorder 73 84 42 10 54 27 56 45 29 14 34 80 56 43 91
int 15 inorder 20 64 64 70 93 31 95 87 62 47 65 40 31 77 83
int 16 postorder 6 89 62 61 7 7 19 47 24 71 38 47 93 14 45 42
int 16 postorder 35 77 55 71 84 17 20 75 85 91 20 97 72 11 17 96
int 17 preorder 96 91 54 30 46 38 50 71 97 24 34 41 71 35 12 5 51
int 18 preorder 53 17 61 37 12 89 60 65 84 96 33 67 30 4 53 94 25 70
int 22 preorder 99 34 25 38 42 70 52 99 26 75 12 92 39 93 40 31 48 83 99 42 14 24
int 23 postorder 21 49 26 9 86 10 79 26 14 59 24 20 70 36 43 91 34 10 35 75 5 71 99
int 23 preorder 95 96 37 68 1 51 13 94 15 8 25 33 43 58 66 9 6 24 4 49 34 67 91
int 23 preorder 70 5 99 85 85 83 73 40 95 85 22 43 42 81 21 57 94 96 61 1 36 19 3
int 25 postorder 34 17 18 50 25 82 3 89 72 18 32 88 56 14 11 89 74 55 60 1 56 45 89 49 18
int 25 inorder 74 17 12 89 57 59 70 23 47 45 45 80 95 8 44 15 13 26 53 5 94 52 91 71 67
int 25 postorder 38 8 72 31 43 20 84 38 41 63 69 59 34 92 48 98 72 35 61 61 86 69 50 7 47
int 27 inorder 47 46 37 99 10 66 11 71 94 65 38 27 8 61 60 33 16 49 12 21 80 82 15 38 41 32 42
int 27 preorder 39 17 59 70 43 86 80 93 57 45 95 20 49 22 36 82 33 72 12 43 5 90 11 86 63 68 85
int 28 preorder 49 17 80 14 16 56 41 53 89 1 16 20 96 25 42 7 15 91 86 77 4 34 83 62 33 61 98 35
int 29 preorder 89 73 57 65 47 18 57 68 60 21 57 15 73 92 67 42 90 12 36 93 55 16 83 87 81 8 78 82 31
int 29 postorder 72 22 13 85 89 94 23 58 82 71 22 28 55 53 26 49 82 32 38 68 37 79 51 12 69 53 5 28 98
int 29 preorder 77 53 22 89 39 33 74 56 34 11 57 39 24 26 40 3 2 91 68 49 4 29 67 94 31 56 71 60 77
int 31 postorder 74 47 28 8 96 18 37 96 64 98 72 25 11 91 79 19 58 73 34 97 2 78 1 19 91 4 55 46 79 21 24
int 32 preorder 2 68 9 43 21 47 60 80 75 38 80 24 29 49 28 26 8 2 8 85 58 42 64 15 78 19 14 27 55 61 3 61
int 32 preorder 11 22 7 50 56 94 49 81 64 75 2 94 18 43 28 60 20 83 29 19 74 46 69 17 89 14 64 97 28 26 77 69
int 35 postorder 63 3 40 15 10 67 23 34 4 37 25 41 18 18 71 32 17 41 44 27 79 16 1 80 40 9 59 24 15 11 96 16 58 65 71
int 36 postorder 72 34 90 61 74 27 99 80 43 75 32 16 38 87 76 44 92 61 90 97 87 23 45 31 19 4 78 81 95 38 14 23 11 57 81 5
int 37 inorder 24 3 12 69 17 41 51 96 11 53 78 2 18 95 20 92 81 37 71 8 30 86 81 62 27 75 13 79 40 51 17 32 98 20 15 6 42
int 38 inorder 20 74 37 79 8 24 90 50 75 4 15 98 69 63 80 66 9 14 23 84 1 87 42 39 65 70 18 83 85 12 76 23 21 26 82 32 43 52
int 40 inorder 1 50 38 55 81 31 93 50 70 74 68 54 38 52 25 12 92 62 64 94 71 91 13 88 16 54 39 12 93 79 53 13 64 17 44 89 18 51 33 78
int 41 preorder 82 63 35 43 87 30 11 84 49 40 12 35 52 88 40 5 10 49 84 19 3 35 67 42 86 89 61 70 59 58 22 82 48 23 71 46 26 74 2 48 23
double 41 inorder 0.16 6.15 2.41 6.05 7.24 2.2 8.11 8.35 1.37 4.87 0.3 8.85 7.41 1.21 7.69 6.75 9.72 6.01 1.5 0.33 3.75 0.26 0.75 2.68 3.87 0.47 1.75 6.39 1.64 4.06 5.15 7.25 7.57 1.97 4.81 9 1.91 2.38 9.03 3.54 8.15
int 42 postorder 4 18 20 66 85 31 31 83 93 3 80 92 29 9 45 33 54 69 12 16 21 19 13 65 82 66 15 35 46 40 72 46 71 86 90 88 70 71 45 66 42 5
int 42 inorder 14 1 99 25 15 41 49 13 26 51 32 1 2 48 13 25 22 64 85 76 36 84 60 23 49 44 6 44 39 43 27 27 38 32 65 20 58 39 97 45 12 26
char 42 preorder g e s r s h j h m n q i n g s q m n s f o h i h n o p h n p b p j t k t f m r j l o
double 42 inorder 0.86 0.11 0.19 3.3 2.42 6.29 8.71 6.75 5.48 6.51 0.66 1.9 0.5 4.83 2.66 9.35 4.41 7.38 4.71 2.82 2.25 6.24 0.73 5.63 5.37 5.29 8.54 7.89 9.28 8.13 9.37 1.99 0.93 6.62 1.87 1.4 8.95 1.83 7.8 0.09 0.27 4.94
int 43 postorder 45 49 60 13 43 5 61 25 85 53 88 87 75 42 81 50 98 21 10 31 55 5 98 69 45 62 21 86 17 67 9 21 70 57 73 1 64 60 36 28 29 90 12
bool 45 inorder 1 1 1 0 1 0 0 1 1 1 1 1 1 0 1 0 0 1 1 0 1 1 1 0 1 0 0 0 0 0 1 1 1 1 0 0 0 1 0 0 0 1 1 0 0
double 45 postorder 4.24 9.73 6.74 7.61 8.78 1.4 1.21 3.38 1.07 6.24 3.86 3.44 9.47 2.49 0.89 2.2 2.9 2.21 1.1 8.85 1.24 8.36 7.31 9.67 9.54 7.16 8.88 3.46 6.18 0.92 1.98 9.44 3.3 9.8 2.92 0.45 5.22 1.96 5.29 0.42 2.75 3.07 0.7 6.41 6.27
int 48 inorder 86 99 7 63 8 57 94 36 78 28 29 72 57 98 94 25 38 31 53 61 12 69 51 80 78 57 63 66 79 54 80 85 60 63 87 89 23 3 85 27 73 3 37 85 38 16 23 36
double 49 inorder 8.42 3.58 9.27 5.17 7.4 7.29 1.25 1.94 7.05 6.55 7.66 3.8 0.82 1.15 6.81 1.35 6.33 3.57 3.15 8.05 2.57 7.34 7.55 4.48 7.23 4.01 8.82 8.43 0.55 9.71 9.19 4.96 2 2.99 3.36 4.44 2.91 0.34 0.04 5.22 8.69 3 5.25 4.71 9.78 1.61 4.64 3.5 3.94
bool 52 postorder 0 0 1 0 0 0 1 1 0 1 0 1 1 0 0 0 0 0 1 0 0 0 1 0 1 0 1 1 0 1 0 1 1 0 1 1 1 0 1 1 1 1 0 1 1 1 0 0 1 0 0 0
char 52 postorder h n i o g o h a g m l t t s a q r d k d i e l r s m l a k n n t m b s c l q p c t p n n r h b t c b r m
char 53 postorder r o a m h k p p g l d p k l g q a c d e p i g l j r h j k t n o b s k b l o q e o m n h h n e f g l k o a
int 54 postorder 77 25 58 96 65 71 72 66 76 83 28 2 45 13 71 94 90 93 85 36 46 51 95 60 15 86 65 41 22 33 71 59 93 50 74 3 9 23 79 48 47 92 70 61 51 95 58 33 89 85 47 36 60 47
char 55 preorder o g c i s i o r s a s n q n d e o q p h o c e d o t t g s o r j s m a k f f c p s a a b g t c e j o h e r q b
bool 56 preorder 1 1 1 0 1 1 1 0 1 0 1 0 0 1 0 1 1 1 1 0 0 1 0 0 1 0 1 0 0 1 0 1 0 0 1 0 1 0 0 1 0 0 0 1 0 1 0 1 0 0 0 1 1 1 1 1
bool 59 inorder 1 0 0 0 1 1 1 0 1 0 0 1 0 0 1 1 1 1 0 1 1 0 0 1 1 1 0 1 0 1 1 0 1 0 1 0 1 1 1 1 0 1 0 1 1 1 1 0 1 1 0 0 0 1 1 1 1 0 0
double 59 preorder 6.18 9.92 9.82 0.35 0.84 0.52 1.11 6.58 1.43 7.07 8.64 3.44 1.67 5.77 1.99 3.2 9.81 8.95 7.77 9.64 0.03 5.63 8.83 6.91 1.77 1.26 6.7 0.87 2.21 5.76 3.73 8.3 7.07 7.88 5.21 6.21 2.99 5.81 2.19 3.69 7.32 6.8 9.68 3.93 5.27 2.75 9.35 5.92 6.96 5.84 4.55 1.79 6.48 9.47 9.49 9.76 8.24 4.39 3.33
int 60 inorder 72 65 28 59 90 22 86 33 47 63 68 53 49 49 25 96 73 52 17 77 4 14 79 46 38 26 86 54 24 15 19 52 34 50 31 10 39 5 6 38 15 51 40 22 81 32 36 91 99 82 59 79 41 45 83 48 55 55 95 54
bool 61 inorder 0 0 0 0 0 0 1 0 1 1 1 1 0 0 0 1 0 1 0 1 1 1 0 0 1 0 1 0 0 1 0 1 0 1 1 1 1 0 1 1 1 1 1 0 0 0 0 1 1 1 1 1 0 1 1 0 0 0 0 0 1
bool 62 inorder 1 0 1 0 0 0 1 0 1 0 0 1 1 0 1 1 1 1 0 1 1 1 1 0 1 0 1 0 0 1 0 0 0 1 1 1 0 1 0 1 0 1 1 1 0 0 0 0 0 1 0 0 0 0 0 0 0 1 1 0 0 0
double 64 preorder 4.04 5.46 1.08 4.56 5.11 1.98 6.43 3.93 3.98 2.92 4.33 6.91 7.78 0.26 3.31 2.28 7.99 8.94 9.95 1.03 0.34 8.79 6.77 5.39 3.04 6.17 7.29 1.22 2.32 2.05 8.5 8.18 8.75 5.88 5.34 3.86 4.8 8.53 8.02 0.55 8.02 2.8 4.38 3.51 7.37 2.43 3.95 8.74 6.5 3.46 9.54 6.66 2.66 2.88 9.89 0.34 5.16 8.24 3.66 2.63 7.16 1.47 1.78 9.89
char 65 preorder n t o d r n r k j a d l p h n e s g o e t q t a g s t j j j t q k k g t p h k f q t n q e p l l d h b g q o t t i h i j s k g q q
double 65 inorder 0.49 7.57 8.99 2.27 6.47 1.52 4.93 7.35 3.34 5.03 4.68 8.03 2.46 1.27 7.4 7.18 9.1 0.23 8.55 3.92 9.58 7.31 0.01 4.11 6.68 8.29 5.1 2.25 1.36 9.94 3.61 3.31 4.55 1.42 1.46 0.4 8.77 1.25 6.61 8.76 0.61 7.5 7.16 5.22 7.77 8.82 2.14 2.65 0.57 3.59 3.63 8.67 8.29 7.52 7.39 5.86 5.74 8.61 8.88 2.65 3.01 9.11 6.78 5.64 4.74
int 65 inorder 30 82 13 47 67 96 63 19 74 35 3 24 28 31 44 33 95 22 65 59 18 53 57 59 3 85 67 66 95 59 95 16 80 62 92 94 91 25 61 55 47 8 32 4 74 94 90 64 77 56 67 60 46 90 53 77 25 73 73 6 46 79 31 54 84
bool 66 preorder 0 0 0 1 0 0 0 0 1 0 0 0 1 1 0 0 1 0 0 0 1 0 0 0 1 0 0 1 1 0 1 1 0 0 0 1 1 1 1 0 1 0 1 0 1 0 0 0 0 0 0 0 0 1 0 1 0 1 0 0 1 0 0 1 0 0
int 67 inorder 89 1 1 55 33 10 66 5 14 77 70 48 63 94 48 83 43 7 23 71 45 80 49 77 26 99 13 25 12 17 78 23 8 56 97 12 36 65 18 44 96 95 63 9 32 65 91 53 20 20 12 20 72 34 18 97 47 53 64 70 19 14 9 95 44 96 8
int 67 preorder 2 6 48 47 70 23 43 18 89 47 47 87 79 18 8 8 17 57 99 91 24 51 70 61 68 53 2 9 63 38 92 85 48 62 33 21 65 84 62 67 86 75 33 43 74 35 62 44 86 18 39 6 19 70 83 17 90 36 41 3 47 95 27 54 98 58 56
double 67 preorder 7.82 9.69 9.72 7.19 0.23 8.33 5.59 4.37 5.86 8.25 6.98 6.89 7.52 5.29 7.86 1.01 6.2 5.58 1.58 5.64 7.28 1.08 8.38 0.55 1.98 1.99 6.76 8.36 6.52 6.85 6.17 2.73 7.72 0.94 7.2 7.86 4.71 0.19 1.72 8.92 6 2.67 8.75 2.94 9.82 0.6 5.33 1.32 6.97 1.56 0.01 9.41 7.88 6.1 3.51 0.24 9.86 8.8 8.11 6.17 2.45 5.9 6.65 5.61 9.05 2.08 0.89
double 67 inorder 9.61 0.81 7.29 4.68 6.63 7.43 0.71 3.49 5.87 7.32 2.58 1.27 9.87 3.67 9.75 2.65 3.46 2.95 1.6 3.51 4.31 5.22 5.56 7.07 4.83 0.07 5.82 0.11 9.2 0.85 1.62 3.95 7.41 3.53 5.59 8.62 2.13 9.55 7.23 4.66 0.22 1.84 2.26 7.35 8.41 7.1 8 2.43 6.19 0.67 5.5 3.61 5.75 9.74 1.06 3.35 0.51 0.98 9.67 6.65 1.64 1.25 5.81 3.1 1.41 9.95 5.28
char 68 inorder t n l p f h p m c h k g o n c a t j b d j l t b d g l g b q q j i b f m e n n a i o o h j t e f r m d n e j h e o d r l f o t o i q l n
int 69 inorder 51 98 95 2 39 90 8 20 77 19 45 76 63 9 12 3 42 7 75 4 72 97 34 71 70 63 43 64 9 71 12 91 40 14 28 62 17 4 74 82 60 51 91 42 15 40 9 23 90 26 46 15 23 46 36 17 24 90 89 42 39 56 17 29 80 85 54 52 80
int 70 inorder 4 60 5 75 69 75 40 20 93 32 84 48 89 73 56 27 53 83 6 8 97 6 45 4 77 78 40 76 46 63 89 32 53 28 47 78 41 29 17 71 67 50 60 37 46 25 72 96 58 68 19 47 36 8 82 28 3 27 10 67 70 25 28 17 26 53 17 61 92 65
bool 70 postorder 1 0 1 1 0 0 1 0 1 1 0 1 0 1 0 1 1 1 1 0 1 0 1 1 0 1 1 1 0 0 0 1 0 1 0 1 0 1 0 0 0 0 1 0 1 1 0 0 1 0 1 1 1 0 1 0 0 0 1 0 1 0 1 0 1 0 0 0 0 1
double 71 inorder 2.12 8.1 5.85 7.15 7.85 1 4.37 3.82 8.12 0.72 4.14 2.29 9.07 5.32 4.82 7.98 3.04 7.01 3.23 4.53 9.93 0.07 2.12 5.14 0.59 6.62 7.93 4.9 5.57 9.96 6.04 8.5 3.67 0.29 6.22 6.9 7.3 6.14 8.74 3.54 2.23 0.75 9.04 7.89 9.19 8.58 8.46 0.99 5.55 4.75 0.19 4.19 7.86 8.6 2.04 5.09 8.93 2.08 8.71 3.44 4.61 9.93 3.98 0.84 2.01 7.45 8.43 7.56 6.97 4.69 7.68
bool 71 preorder 1 1 1 1 1 1 0 1 1 0 0 1 0 0 1 0 1 1 0 0 1 0 0 1 1 0 0 1 1 0 0 1 1 1 1 0 1 1 1 0 0 1 0 0 1 1 0 0 0 1 0 0 1 1 0 0 0 0 0 0 0 1 0 0 0 0 1 1 1 1 0
char 74 inorder p a a m k j j l n a g f c i o p p p j n r c c c k n i j h i i r j e l k a e r a n b t e p j a e s r r i q j o n i k r t h l j b h b s e g m j m s a
double 78 inorder 6.72 2.22 9.49 2.6 4.48 6.51 6.93 9.99 8.92 7.81 1.33 5.82 5.35 1.06 1.41 7.7 1.3 5.16 6.08 4.69 2.79 4.39 9.45 5.36 8.32 4.03 0.53 2.65 1.24 2.03 6.05 3.36 7 4.57 9.4 6.61 3.58 6.87 3.49 0.12 1.3 6.2 5.69 5.27 1.2 7.18 5.39 3.27 5.54 3.47 3.58 3.61 1.87 4.09 1.19 1.04 6.7 4.96 3.3 6.15 8.25 5.53 0.65 7.97 3.3 6.54 9.89 0.03 8.84 2.48 9.99 2.16 3.48 5.3 7.49 5.35 0.13 3.46
bool 79 preorder 0 0 0 1 0 1 0 0 0 0 0 1 1 1 1 1 1 1 1 1 1 0 1 0 1 1 1 0 0 0 0 0 0 1 0 1 1 0 1 0 0 0 0 0 1 0 0 0 1 1 0 1 1 1 1 0 0 1 1 1 1 1 0 1 1 1 1 0 0 1 0 0 1 1 1 1 0 0 1
char 80 postorder l e j e c r m s s p l i g m o i o q l h a l n d o f o f f k i q s a j h o b a l k l o e f t q r b a m c e n k e l c s i l m e p j r d l s k g l q l s m q d h f
bool 80 inorder 0 0 0 0 1 0 0 0 1 0 0 0 0 1 0 0 1 1 0 1 0 0 1 1 1 0 1 0 0 1 0 0 1 1 0 1 1 0 1 0 1 0 1 0 1 1 0 1 1 0 0 0 0 1 0 0 0 0 1 0 1 1 1 1 1 1 0 0 0 0 0 1 0 0 1 1 1 0 1 1
double 83 preorder 5.91 4.86 8.97 5.62 6.43 2.24 0.98 8.39 2.85 5.85 8.37 2.61 8.85 6.07 1.49 0.7 5.78 3.95 7.54 8.45 6.35 5.86 2.76 1.54 7.15 7.73 1.2 7.55 2.24 1.21 6.01 2.3 8.04 6.2 9.79 5.88 3.44 5.57 2.01 7.17 0.91 6.88 7.22 2.87 7.45 9.26 7.2 9 5.6 3.67 2.45 5.34 3.39 5.21 5.52 1.27 8.47 0.14 2.79 2.71 1.65 7.47 9.98 8.04 2.27 3.32 5.28 8.85 1.57 9.73 2.21 3.75 6.73 0.13 8.76 1.51 6.18 5.41 6.12 2.73 7.39 1.66 4.98
double 83 preorder 3.92 0.68 9.06 4.73 9.59 3.36 6.53 3.77 9.04 2.43 1.25 9.08 3.96 1.9 2.02 7.06 6.36 3.23 2.99 5.1 4.3 6.19 0.27 6.71 2.15 0.99 1.76 2.8 6.9 5.11 7.77 2.92 9.86 8.06 4.4 5.17 4.67 9.79 6.37 4.32 6.41 9.17 9.88 7.81 6.68 4.98 7.89 0.09 0.47 2.37 3.75 4.28 7.06 2.98 2.95 8.6 3.48 5.37 6.87 3.54 2.13 8.78 3.29 7.45 6.87 5.72 8.37 3.55 5.68 9.68 7.37 4.37 7.72 8.48 0.5 0.57 1.59 6.81 4.67 9.19 0.89 8.01 6.01
double 83 inorder 9.2 9.03 3.32 6.77 8.78 5.22 6.24 6.02 5.49 4.53 5.59 0.83 7.29 5.33 9.04 5.05 2.82 2.44 9.05 3.34 4.74 2.26 3.58 2.68 4.05 9.65 3.02 6.67 3.94 6.91 1.08 3.51 3.05 1.83 4.2 6.61 0.6 1.96 2.54 7.94 9.72 6.5 8.36 4.41 0.56 5.65 3.8 6.81 1.6 7.22 7.58 6.03 7.61 8.09 2.55 9.07 7.09 9.02 4.93 3.86 6.92 7.77 6.54 1.6 6.61 5.12 5.7 4.07 9.29 3.67 1.18 2.82 5.4 8.35 6.78 3.68 8.23 0.92 3.96 5.59 8.7 0.61 0.63
double 84 preorder 5.4 2.29 6.12 0.28 7.27 1.25 9.13 8.35 2.3 9.4 8.71 3.71 0.28 3.31 9.04 0.32 4.06 4.36 2.92 2.39 9.39 7.59 7.04 5.7 3.94 4.96 8.82 3.92 9.79 8.14 5.95 5.84 4.23 7.1 5.47 3.36 2.31 6.91 2.44 0.74 9.66 9.58 7.36 0.63 1.53 5.83 4.46 9.75 0.38 1.51 7.09 6.16 1.99 5 5.18 3.06 4.74 6.62 7.89 0.6 8.26 7.02 9.4 4.82 8.5 6.98 9.42 8.73 3.94 2.73 4.3 5.85 9.64 9.06 2.15 0.72 2.92 6.23 6.48 3.42 9.33 4.85 5.32 5.75
int 84 inorder 21 81 33 92 20 25 36 49 18 57 38 87 26 66 56 71 9 64 13 84 67 8 53 83 62 73 58 59 48 62 97 85 65 44 75 9 18 24 87 35 26 5 38 35 89 42 4 2 98 21 39 32 19 82 30 39 73 34 77 75 33 8 32 11 19 60 86 58 13 36 54 31 63 6 56 17 91 57 79 94 6 23 92 21
double 84 preorder 2.48 7.57 1.01 1.6 8.09 3.73 1.73 6.63 6.76 6.63 7.35 8.25 5.08 8.51 8.33 6.22 2.76 4.54 4.51 5.2 3.78 0.65 3.16 2.57 0.65 0.97 8.84 0.27 4.45 9.8 1.61 2.52 7.16 1.26 2.5 8.08 6.82 1.39 7.03 3.89 1.57 4.33 7.85 8.84 1.42 7.68 6.48 1.18 0.52 9.88 4.33 3.09 5.77 0.93 7.55 3.78 3.57 6.14 1.34 1.88 9.57 8.16 4.92 4.07 3.01 5.7 1.79 2.95 8.56 7.71 6.46 8.54 2.09 9.04 3.77 4.92 8.74 0.98 9.61 0.02 0.94 5.44 1.33 9.13
bool 85 postorder 1 0 1 1 0 1 1 0 1 1 0 1 0 1 1 1 0 1 0 1 0 0 0 1 0 0 0 0 1 0 0 0 1 0 1 1 0 1 0 0 1 0 1 0 1 0 0 0 0 1 0 0 1 0 0 0 0 0 1 1 0 1 1 0 0 1 1 1 0 1 1 1 1 0 0 0 0 0 1 1 1 0 1 1 1
bool 85 preorder 0 0 1 0 1 1 0 1 1 0 0 1 1 1 1 0 0 1 1 0 0 1 0 1 1 0 1 1 0 1 0 1 1 0 0 1 0 0 0 0 1 1 1 0 1 0 1 0 1 0 0 1 0 0 1 1 1 1 1 1 1 1 0 0 1 1 0 0 0 0 1 0 1 0 1 0 0 0 0 0 1 1 1 1 0
char 86 postorder s c o g f q n t o d l c q c r q t c k h e e a t s o q k o k g o q o t i j o p b e c c d n b j o s c e i t a c n f m l c s j b g a b j i h k d h d p r j s j g f a n j s l a
int 86 preorder 23 46 91 53 90 67 48 53 43 37 33 38 35 35 63 82 56 19 88 72 25 35 92 84 18 81 47 76 13 27 23 26 60 55 93 39 36 99 26 68 91 74 73 77 15 54 39 12 25 23 73 79 70 11 6 78 52 88 7 21 61 74 87 61 82 58 34 99 95 86 90 13 85 95 40 53 49 70 43 47 10 50 48 41 61 40
bool 90 preorder 1 0 1 1 0 1 0 1 0 1 0 0 1 1 0 1 0 0 0 0 1 1 0 0 0 0 1 0 0 1 1 0 0 1 1 0 1 1 1 0 1 1 1 1 0 1 0 1 0 0 0 1 1 0 1 0 1 1 0 1 1 0 0 0 0 0 0 0 0 0 1 1 0 1 1 0 0 0 0 1 0 0 1 1 0 1 1 1 0 0
double 91 preorder 6.47 1.67 3.93 0.49 5.67 0.81 9.87 0.34 5.47 8.75 2.13 3.65 5.05 0.13 9.79 4.03 1.56 6.28 6.62 6.07 5.42 8.52 7.64 5.3 9.08 7.18 8.54 4.09 8.69 4.45 9.66 6.8 3.25 3.83 3.37 4.5 3.53 6.63 7.1 2.12 5.38 2.97 7.32 1.73 9.34 2.78 8.39 6.03 1.01 8.81 8.51 7.34 7.97 1.12 7.9 4.06 8.12 2.52 8.95 0.32 9.05 1.26 8.98 8.66 0.15 0.07 9.75 6.43 7.12 1.55 3.2 7.14 8.6 7.02 9.14 9.03 8.21 8.99 5.89 4.97 6.01 5.52 3.53 8.8 5.06 8.94 5.66 6.67 5.26 4.81 3.3
char 96 preorder j f q h s r t h g e l n p l p b a q j d b f c h q b e a n j n c f e q k s p o h n h t l o f g h o a m d d r n b i b c b a f k h q j o s a c h k g h g s q c b l h m k m l a t r b e q h h k t f
bool 96 inorder 1 1 1 1 1 1 0 0 1 0 0 0 0 0 0 1 1 1 0 1 0 1 1 1 0 1 1 1 0 0 0 1 1 1 1 1 1 1 0 0 0 1 1 1 0 1 0 1 1 0 1 0 0 1 0 0 0 0 1 0 1 0 1 0 1 0 0 0 0 0 0 1 0 0 1 1 1 1 0 1 1 0 1 1 0 1 0 0 0 1 1 1 0 1 1 0
bool 97 postorder 0 0 1 0 0 0 0 0 1 0 0 0 0 1 0 0 0 0 0 1 0 1 0 1 1 0 0 1 1 0 1 1 1 1 0 0 0 1 1 1 0 1 1 0 1 1 0 1 1 1 0 1 0 0 0 0 0 0 0 1 0 0 0 0 1 0 1 1 0 1 0 0 1 0 0 1 0 1 0 1 0 0 1 1 1 1 1 0 1 0 1 0 1 0 0 0 0
bool 99 inorder 0 1 0 1 1 0 1 1 0 1 1 0 0 0 1 1 0 0 0 1 1 0 0 1 1 1 0 1 0 0 1 1 1 0 1 0 1 0 1 1 1 0 1 1 0 1 0 0 0 0 1 0 0 1 0 1 1 0 1 0 0 1 1 0 0 1 1 1 0 1 1 1 1 0 0 1 1 0 0 1 1 0 1 1 0 0 0 1 1 1 1 0 0 0 1 0 1 0 1
char 103 postorder t e o g t k q j b o o n h b n e p c g r r b e o a l e n d j j f t h k l d m t a s c f c b b o a f q m f k k j k o k o m a o m d o m n t k n f s o e b h j l c p k e t j i b f c m f m s n b a i o e h k c t s
char 105 postorder s n m h f k o e j i l i q l i d n j s b i q q h l n r b e s s c q d g t j l g l n h p f e j f b t c m g p k q c f s o b l j e c k d k i p t p h q s p q c d f q p e n l r r p a e r s l o j b h t p c m l o p a b
bool 105 preorder 0 1 1 0 0 1 1 0 1 0 0 0 0 0 1 1 0 0 0 1 0 0 1 1 0 1 1 0 1 1 0 0 0 0 0 0 0 1 0 0 0 1 0 1 0 1 1 0 1 1 0 1 1 1 0 0 1 1 0 0 1 0 0 1 0 1 0 0 0 0 0 1 0 1 1 0 1 1 0 1 1 0 1 0 1 0 0 0 0 0 0 1 0 0 1 0 1 1 1 1 0 1 0 1 1
double 107 inorder 6.86 6.5 1.7 0.68 6.47 2.06 8.55 5.2 2.11 9.26 0.1 0.52 6.49 1.63 0.1 9.89 3.65 5.57 1.73 1.33 9.69 3.9 3.5 2.42 8.77 7.49 4.66 7.24 3.42 7.97 3.72 3.02 0.35 4.58 2.75 1.55 3.57 8.01 9.81 8.04 0.27 3.06 0.47 9.96 2.15 5.21 6.48 4.7 9.63 8.81 3.55 8.61 2.75 0.64 8.46 5.36 9.11 8.82 2.46 2.27 5.07 8.39 7.32 2.26 5.29 9.5 2.45 3.17 1.91 3.9 0.07 9.39 6.04 7.64 0.58 2.92 2.88 5.7 3.05 7.92 2.83 6.2 7.6 6.86 8.64 7.29 0.86 5.6 7.04 5.47 3.74 6.17 5.6 7.04 3.69 1.07 1.38 9.23 9.77 0.24 1.6 5.65 3.62 2.84 3.9 4.27 6.51
double 107 postorder 2.81 8.39 7.82 6.98 7.23 4.61 1.65 5.17 2.83 8.66 8.05 6.75 9.4 7.5 1.99 2.96 4.67 0.15 7.41 1.08 0.59 3.16 6.56 4.47 9.59 0.74 3.7 7.13 7.02 3.95 8.77 6.45 9.89 6.88 1.47 0.71 0.58 9.18 1.61 6.23 0.58 2.62 3.18 1.87 9.01 3.47 2.73 6.95 3.97 5.23 0.35 7.12 8.78 2.76 4.63 3.12 6.4 7.52 2.9 3.28 4.45 0.07 5.43 1.38 5.49 0.84 8.97 2.47 2.91 6.86 9 2.07 9.41 8.78 9.03 8.12 8.45 8.16 3.7 3.91 1.73 7.83 1.64 7.32 9.19 9.57 0.14 3.77 2.31 2.55 4.67 2.37 9.99 4.65 2.46 1.64 6.98 0.81 3.2 0.64 9.76 3.96 1.49 2.98 6.96 1.12 8.25
double 108 postorder 0.29 3.2 5.32 0.82 6.13 3.14 3.3 5.12 6.86 6.05 7.43 5.91 3.95 0.03 9.79 2.28 4.75 7.32 6.36 1.87 1.36 5.16 9.28 9.99 5.05 9.07 4.17 4.86 6.23 5.61 4.05 0.39 2.62 2.03 0.94 4.7 4.29 1.85 1.1 2.45 9.67 2.55 3.46 3.88 5.57 4.89 0.17 8.44 6.68 4.42 1.45 3.04 2.36 8.44 0.25 5.26 2.19 8.67 7.68 0.21 1.32 7.93 6.01 0.69 7.96 1.34 6.69 6.4 9.41 5.89 1.1 0.15 5.03 8.9 4.91 3.62 8.41 5.43 8.26 6.07 9.15 9.09 7.32 7.88 2.42 6.32 3.56 9.65 6.38 3.14 7.31 4.26 7.33 0.87 1.18 4.52 3.7 4.62 9.57 1.84 2.06 5.42 8.66 5.17 6.96 2.34 6.44 1.66
int 108 postorder 88 96 57 19 50 37 12 46 78 37 64 18 26 6 58 86 91 86 8 53 88 20 30 26 72 93 86 21 51 39 32 97 91 30 74 81 72 61 36 98 98 36 13 14 63 67 70 65 95 73 36 93 58 13 65 89 55 12 47 7 46 66 63 27 43 39 18 73 44 42 63 17 65 41 2 42 80 52 18 25 69 81 29 32 14 69 47 36 37 22 28 56 66 42 31 91 54 60 83 31 55 90 81 11 17 5 97 21
int 108 inorder 24 25 91 40 4 44 67 97 37 62 81 58 44 84 89 46 67 21 5 85 69 76 96 50 10 56 81 93 18 27 92 41 61 11 22 41 2 31 84 18 10 56 80 49 53 35 33 61 96 58 21 32 60 99 40 85 23 3 38 65 16 56 20 29 70 11 5 63 97 29 64 2 77 88 71 41 62 77 70 94 7 29 32 63 60 26 50 92 10 41 80 39 17 4 76 23 3 44 7 62 23 64 54 90 22 99 63 77
bool 109 postorder 1 0 1 1 1 0 0 1 0 1 1 1 0 0 0 1 1 0 1 0 0 1 1 0 0 1 1 1 0 0 0 1 0 0 0 0 0 1 1 0 1 1 1 0 0 1 1 1 0 0 0 1 1 0 1 0 0 1 0 1 1 0 1 0 1 1 1 1 0 0 0 1 0 1 0 0 1 0 0 0 0 1 1 0 0 1 1 1 1 0 1 1 1 1 1 0 0 0 1 0 1 1 1 0 0 1 1 0 1
int 109 postorder 49 21 87 95 24 63 10 61 61 6 30 96 42 15 13 94 86 38 52 34 93 61 95 60 20 70 17 93 80 55 77 71 54 73 33 82 73 83 5 72 19 78 83 45 15 94 95 96 60 45 35 83 90 54 1 53 20 37 73 31 92 62 78 43 24 73 71 30 64 61 76 84 95 11 61 22 96 53 14 27 14 64 32 28 96 6 98 50 16 85 36 39 59 48 40 61 33 15 12 55 25 29 19 37 72 62 82 16 61
